163.058 0.621758881799
163.05 0.62495891695
162.8726 0.627338706921
162.9376 0.63076302672
163.2388 0.635967856114
163.511 0.641689018645
163.5325 0.64550883908
163.74 0.649034023503
163.525 0.651325788829
163.6738 0.654869525311
163.68 0.657506993639
164.1249 0.667191022756
164.21 0.677675280356
164.19 0.68247118328
164.22 0.686510503884
164.5675 0.690424549258
164.46 0.694301392869
164.80 0.699326120813
164.71 0.703374375699
164.80 0.708732894268
164.78 0.714823438087
164.8833 0.72146444107
164.90 0.724086091325
164.99 0.727393142573
164.85 0.735829838548
164.9118 0.740633211118
164.6589 0.743942947532
164.75 0.748125753677
164.85 0.750722261008
164.56 0.75334620586
164.45 0.758401642346
164.12 0.764441119177
164.1101 0.773005775549
164.19 0.775338355409
164.40 0.779256208838
164.25 0.782038285594
164.23 0.784157321473
164.27 0.785644659692
164.20 0.787502746193
164.2588 0.788891660849
164.3779 0.790373921661
164.77 0.796245599988
164.6603 0.799047937548
164.20 0.802552372955
164.2401 0.804649292825
164.05 0.809887369464
164.15 0.811486752364
163.95 0.814426619278
164.0292 0.816958877893
164.1249 0.818753594462
163.75 0.824005487504
163.72 0.826379711857
163.32 0.836068476632
163.31 0.841436954728
163.22 0.844149217152
163.30 0.846891651085
163.3648 0.850793979368
163.46 0.852739748766
163.42 0.854629813161
163.10 0.857317030303
163.60 0.860261681695
163.60 0.862226442545
163.69 0.864782379448
163.9026 0.869536833163
163.9388 0.871181863896
164.35 0.875611363625
164.36 0.880295905365
164.385 0.881538112279
164.34 0.884466652671
164.16 0.886985290169
164.12 0.889227843714
164.11 0.890282381889
163.85 0.89271089543
163.8225 0.894882804681
163.90 0.896494978738
163.9869 0.89776486728
163.9271 0.899082307681
163.91 0.900480644831
163.8899 0.901405562689
163.93 0.901828696132
163.90 0.902225417299
163.94 0.902792133926
164.0599 0.903977415307
164.09 0.905534079647
164.01 0.906165533201
164.14 0.907316737376
164.30 0.909469166964
164.2917 0.913554867719
164.25 0.914493748444
164.219 0.915733074906
164.18 0.916448989157
164.4309 0.919376113734
164.455 0.920635505715
164.458 0.922350546065
164.70 0.926475645538
164.67 0.928419120339
164.5887 0.930903924737
164.318 0.932607589746
164.38 0.933592850622
164.30 0.934546817101
164.12 0.936195070034
164.212 0.937872615694
164.14 0.938466818663
164.177 0.939346576901
164.1534 0.940816241841
