19.12 0.253737234554
19.12 0.253797039876
19.09 0.25427548245
19.09 0.25427548245
19.15 0.256897347754
19.15 0.256897347754
19.15 0.256897347754
19.15 0.256909308818
19.15 0.256909308818
19.15 0.256909308818
19.15 0.256909308818
19.10 0.257148530105
19.10 0.257148530105
19.10 0.257148530105
19.10 0.257148530105
19.12 0.257925999287
19.12 0.257925999287
19.15 0.259366111434
19.20 0.260081383082
19.20 0.260081383082
19.172 0.260909088734
19.17 0.261148310021
19.17 0.261153094447
19.20 0.261428198927
19.20 0.261428198927
19.20 0.261428198927
19.20 0.261667420214
19.20 0.261667420214
19.20 0.261906641501
19.20 0.261935348055
19.14 0.263980690058
19.13 0.264518937953
19.13 0.264535683443
19.13 0.264535683443
19.07 0.268222083474
19.09 0.269473210804
19.07 0.269951653378
19.07 0.269951653378
19.07 0.270190874665
19.06 0.270430095952
19.06 0.270643002897
19.06 0.271360666758
19.06 0.271360666758
19.06 0.271360666758
19.06 0.271599888044
19.06 0.271994603168
19.05 0.274386816036
19.05 0.274386816036
19.05 0.274626037323
19.05 0.274626037323
19.05 0.274626037323
19.05 0.27486525861
19.05 0.27486525861
19.09 0.275104479897
19.09 0.275104479897
19.09 0.275343701184
19.07 0.275633158941
19.07 0.276149876921
19.06 0.276389098208
19.07 0.277585204642
19.0715 0.278173689008
19.06 0.279558780259
19.06 0.279558780259
19.06 0.279558780259
19.07 0.281551493578
19.07 0.281551493578
19.07 0.282252411949
19.08 0.282730854522
19.08 0.282730854522
19.08 0.282730854522
19.06 0.283967628575
19.05 0.286175641053
19.05 0.286175641053
19.05 0.286175641053
19.03 0.28641486234
19.04 0.286654083627
18.98 0.289582152178
18.98 0.290098870158
18.97 0.290821318444
18.97 0.291165797097
18.97 0.29290254364
18.975 0.293141764927
18.99 0.294337871361
18.97 0.294577092648
19.00 0.295294756509
19.03 0.295533977795
19.035 0.295773199082
19.035 0.295773199082
19.035 0.295773199082
19.05 0.297165466972
19.07 0.29884001598
19.065 0.299079237267
19.065 0.299139042589
19.065 0.299139042589
19.06 0.299856706449
19.06 0.299856706449
19.05 0.303760797851
19.02 0.305258323107
19.01 0.305497544393
19.01 0.305899436155
19.00 0.306617100016
18.99 0.308767699385
18.985 0.318300667667
18.99 0.31897048727
18.99 0.31968815113
18.93 0.330596641812
18.94 0.339404769594
18.96 0.339883212168
18.96 0.341607997646
18.965 0.342275425036
18.94 0.348062187966
18.939 0.356908591154
19.009 0.360118940824
19.009 0.360118940824
19.05 0.360630874378
19.0538 0.361228927595
19.0538 0.361228927595
19.06 0.361946591455
19.08 0.364506259225
19.08 0.364733519447
19.081 0.365255021853
19.08 0.365733464427
19.11 0.366575523356
19.11 0.366635328678
19.07 0.373297641517
19.07 0.375027211421
19.07 0.375027211421
19.06 0.375862093713
19.01 0.381856979161
19.025 0.382383265993
19.01 0.382622487279
19.02 0.383225324922
19.05 0.387294479012
19.05 0.387294479012
19.0599 0.390497652043
19.08 0.396970980066
19.07 0.399958853939
19.05 0.402602249159
19.03 0.404190678503
19.05 0.411044368372
19.06 0.41596275803
19.04 0.430131834851
19.04 0.430131834851
19.04 0.430131834851
19.04 0.430131834851
19.04 0.430131834851
19.04 0.430131834851
19.04 0.430131834851
19.04 0.430131834851
19.04 0.430131834851
19.04 0.430131834851
18.99 0.375857309287
18.99 0.375857309287
18.99 0.375857309287
18.99 0.375857309287
18.99 0.375857309287
18.99 0.375857309287
18.99 0.375857309287
18.99 0.375857309287
18.99 0.375857309287
18.99 0.375857309287
18.99 0.375857309287
18.99 0.375857309287
18.99 0.375857309287
18.99 0.375857309287
18.99 0.375857309287
18.99 0.375857309287
18.99 0.375857309287
18.99 0.375857309287
18.99 0.375857309287
18.99 0.375857309287
18.99 0.375857309287
18.99 0.375857309287
18.99 0.375857309287
18.99 0.375857309287
18.99 0.375857309287
18.99 0.375857309287
18.99 0.375857309287
18.99 0.375857309287
18.99 0.375857309287
18.99 0.375857309287
18.99 0.375857309287
18.99 0.375857309287
18.99 0.375857309287
19.08 0.00319599639254
19.08 0.00319599639254
19.08 0.00323187958557
19.06 0.00347349308531
19.06 0.00347349308531
19.06 0.00350937627834
19.18 0.00476289582152
19.1899 0.0100329407712
19.21 0.0106692693943
19.24 0.0109084906811
19.37 0.0130614822629
19.50 0.02550098918
19.5283 0.0278932020487
19.5283 0.0278932020487
19.534 0.0288835781763
19.40 0.0340531501855
19.37 0.0356200496145
19.37 0.0360769622724
19.37 0.0360769622724
19.37 0.0360769622724
19.31 0.0363161835593
19.31 0.0363161835593
19.38 0.0365554048461
19.38 0.0366176023807
19.38 0.0366176023807
19.38 0.0366176023807
19.41 0.0371032215931
19.37 0.0379668104387
19.37 0.0379668104387
19.30 0.0407226396634
19.30 0.0409618609502
19.35 0.0447894015401
19.34 0.0463443399047
19.355 0.0465835611916
19.41 0.0478992782694
19.35 0.0493752736093
19.36 0.0496144948962
19.36 0.0496144948962
19.40 0.051767486478
19.40 0.0519564712946
19.35 0.0538008674164
19.35 0.0547577525639
19.35 0.0547577525639
19.35 0.0547577525639
19.35 0.0547577525639
19.35 0.0547577525639
19.35 0.0549969738507
19.35 0.0549969738507
19.35 0.055284039395
19.35 0.055284039395
19.35 0.055284039395
19.36 0.0557768352459
19.37 0.0560160565328
19.365 0.0577169198824
19.365 0.0577169198824
19.365 0.0577169198824
19.38 0.0581953624561
19.38 0.0581953624561
19.40 0.0589369484454
19.40 0.0622860464616
19.36 0.0640204007913
19.36 0.0640802061131
19.36 0.0640802061131
19.38 0.0646854359688
19.38 0.0646854359688
19.38 0.0649246572557
19.36 0.06670446363
19.35 0.0681158692225
19.35 0.0681158692225
19.35 0.0681158692225
19.37 0.0714793205159
19.37 0.0714793205159
19.35 0.0766560691637
19.35 0.0779478641127
19.35 0.0779478641127
19.35 0.0787253332951
19.35 0.0789717312205
19.35 0.0799812450511
19.39 0.0799812450511
19.38 0.0804788253278
19.38 0.0804788253278
19.42 0.0807180466147
19.42 0.0869473689247
19.42 0.0938345497736
19.34 0.0950856771039
19.35 0.0957363590042
19.39 0.10487221995
19.43 0.109730804286
19.45 0.110895811953
19.47 0.111704379903
19.45 0.115211363968
19.48 0.116086913878
19.50 0.119754176206
19.47 0.12095028264
19.495 0.133423280537
19.48 0.134380165685
19.46 0.135576272119
19.45 0.137975661626
19.42 0.146783789409
19.47 0.148099506486
19.42 0.150120926361
19.38 0.151568215146
19.38 0.15199642125
19.38 0.15199642125
19.465 0.153431748971
19.35 0.153934113673
19.35 0.153962820228
19.35 0.153962820228
19.35 0.154202041514
19.35 0.154202041514
19.35 0.154202041514
19.38 0.155158926662
19.425 0.155577563914
19.425 0.155577563914
19.48 0.160122768364
19.44 0.162507804594
19.42 0.162507804594
19.47 0.162747025881
19.47 0.162747025881
19.47 0.162747025881
19.50 0.165378460037
19.50 0.165378460037
19.50 0.165378460037
19.50 0.165378460037
19.475 0.168684498221
19.475 0.169086389983
19.43 0.170282496418
19.435 0.170521717705
19.41 0.170760938991
19.41 0.170760938991
19.41 0.170760938991
19.41 0.170760938991
19.41 0.170760938991
19.41 0.170760938991
19.46 0.171000160278
19.46 0.171478602852
19.46 0.171478602852
19.4868 0.172727337969
19.4868 0.172933068276
19.4868 0.172985696959
19.49 0.176064474921
19.48 0.176303696208
19.48 0.176303696208
19.48 0.176303696208
19.48 0.176303696208
19.45 0.176542917495
19.45 0.176542917495
19.45 0.176542917495
19.47 0.177978245216
19.47 0.177978245216
19.47 0.177978245216
19.47 0.177978245216
19.49 0.178217466503
19.49 0.178241388632
19.49 0.178241388632
19.50 0.178480609919
19.50 0.181145535054
19.49 0.181623977628
19.49 0.181623977628
19.49 0.18165029197
19.49 0.18165029197
19.49 0.18165029197
19.49 0.18165029197
19.49 0.185566344436
19.49 0.185566344436
19.49 0.185592658777
19.49 0.185618973119
19.49 0.185858194406
19.49 0.18593713743
19.47 0.199094308208
19.48 0.199333529495
19.48 0.199333529495
19.47 0.199572750782
19.47 0.199572750782
19.47 0.199572750782
19.465 0.201268829706
19.46 0.201747272279
19.46 0.201747272279
19.50 0.213794456286
19.50 0.213794456286
19.54 0.21880135782
19.53 0.220954349402
19.54 0.221193570689
19.55 0.221432791976
19.55 0.221432791976
19.55 0.22262889841
19.55 0.222652820539
19.55 0.22480581212
19.49 0.226116744772
19.48 0.22707362992
19.48 0.22707362992
19.48 0.22707362992
19.48 0.22707362992
19.48 0.22707362992
19.48 0.22707362992
19.48 0.228353463805
19.48 0.228353463805
19.4729 0.228592685091
19.47 0.229738555056
19.47 0.229738555056
19.47 0.229738555056
19.47 0.229738555056
19.47 0.229738555056
19.47 0.229738555056
19.47 0.229738555056
19.42 0.230195467713
19.5048 0.232970434641
19.54 0.234884204936
19.58 0.235420060619
19.58 0.235420060619
19.58 0.235420060619
19.58 0.235420060619
19.58 0.235420060619
19.58 0.23542962947
19.52 0.238034749284
19.52 0.238214165249
19.52 0.238214165249
19.48 0.238905514768
19.48 0.239350466362
19.48 0.239350466362
19.48 0.239350466362
19.48 0.239953304005
19.43 0.241314473127
19.43 0.241314473127
19.43 0.241314473127
19.41 0.242469911943
19.41 0.242589522586
19.41 0.242589522586
19.44 0.243077534011
19.43 0.243316755298
19.40 0.245838147662
19.39 0.247034254096
19.41 0.247034254096
19.41 0.247034254096
19.41 0.247067745076
19.41 0.247067745076
19.41 0.247067745076
19.41 0.247067745076
19.43 0.248593976886
19.40 0.248833198173
19.40 0.248833198173
19.40 0.248833198173
19.40 0.248833198173
19.40 0.248833198173
19.40 0.248833198173
19.40 0.249192030104
19.40 0.249192030104
19.40 0.249239874361
19.40 0.249299679683
19.46 0.249778122256
19.46 0.249778122256
19.46 0.249778122256
19.46 0.249778122256
19.47 0.25283297809
19.47 0.25283297809
19.47 0.25283297809
19.47 0.25283297809
19.47 0.25283297809
19.47 0.25283297809
19.47 0.253789863237
19.48 0.254514703736
19.48 0.254514703736
19.47 0.25586869622
19.46 0.256241881428
19.44 0.257925999287
19.42 0.259055123761
19.39 0.260012008909
19.39 0.260251230195
19.39 0.260490451482
19.39 0.260968894056
19.39 0.261712872258
19.39 0.262191314832
19.37 0.262908978693
19.37 0.263631426979
19.35 0.264901692012
19.34 0.265140913299
19.34 0.265140913299
19.34 0.265140913299
19.34 0.265140913299
19.34 0.265227032962
19.40 0.267116881129
19.40 0.267116881129
19.40 0.267116881129
19.37 0.0378854752011
19.39 0.0388423603486
19.39 0.0388423603486
19.38 0.0390815816355
19.40 0.0415359920387
19.39 0.0417752133256
19.39 0.0417752133256
19.40 0.0429713197599
19.40 0.0429713197599
19.40 0.0429713197599
19.395 0.0434497623337
19.38 0.0436889836205
19.38 0.0436889836205
19.38 0.043808594264
19.47 0.047396913567
19.47 0.047396913567
19.46 0.0481145774276
19.46 0.0481145774276
19.48 0.0483537987144
19.48 0.0483537987144
19.48 0.0483537987144
19.45 0.0487054540061
19.45 0.0487054540061
19.45 0.0487054540061
19.45 0.0487054540061
19.45 0.0501551350045
19.45 0.0501551350045
19.45 0.0501551350045
19.46 0.0527865691601
19.43 0.0610516646213
19.39 0.0612908859082
19.39 0.0615444604723
19.37 0.0617836817591
19.35 0.0625037378326
19.40 0.0632214016932
19.40 0.0632214016932
19.40 0.0634606229801
19.35 0.0699172055126
19.35 0.0699172055126
19.35 0.0699172055126
19.26 0.0701564267995
19.281 0.0703956480863
19.281 0.0703956480863
19.25 0.0714864971545
19.21 0.0769455269208
19.26 0.0781416333551
19.28 0.078380854642
19.29 0.0786200759288
19.29 0.0786918423149
19.27 0.0791702848886
19.29 0.0804860019664
19.29 0.0804860019664
19.35 0.08420828519
19.31 0.0845766859718
19.31 0.0845766859718
19.30 0.0856149063568
19.30 0.0856149063568
19.39 0.0894950756298
19.39 0.0894950756298
19.39 0.0894974678427
19.39 0.0894974678427
19.39 0.0894974678427
19.40 0.0909016967966
19.40 0.0916193606572
19.40 0.0916193606572
19.415 0.0918585819441
19.40 0.0933297928583
19.40 0.0945258992926
19.40 0.0947651205795
19.40 0.0947651205795
19.40 0.0950043418664
19.40 0.0950043418664
19.40 0.0950043418664
19.42 0.0962171937908
19.42 0.0962171937908
19.445 0.0968391691366
19.445 0.0968391691366
19.47 0.0975640096358
19.47 0.0975640096358
19.47 0.0975640096358
19.47 0.0975640096358
19.445 0.0978032309227
19.4447 0.0982840657093
19.4447 0.0982840657093
19.46 0.0988007836889
19.475 0.0998533573512
19.53 0.100824595776
19.53 0.100925068716
19.53 0.100925068716
19.50 0.101881953864
19.51 0.102874722204
19.51 0.102898644333
19.51 0.102898644333
19.51 0.102898644333
19.51 0.102898644333
19.51 0.102898644333
19.51 0.102910605397
19.51 0.102910605397
19.53 0.103389047971
19.51 0.103872274971
19.51 0.103872274971
19.51 0.103872274971
19.51 0.103872274971
19.5329 0.104329187628
19.50 0.106362568567
19.50 0.108395949505
