31.15 0.152329230232
31.155 0.152545622807
31.16 0.153441836528
31.164 0.154955829096
31.17 0.156927678702
31.1672 0.157225330633
31.14 0.158666562791
31.135 0.15980117191
31.135 0.160504365152
31.15 0.16205636689
31.155 0.163054756812
31.165 0.16461908202
31.1685 0.166318870962
31.17 0.166380205013
31.16 0.167167490592
31.16 0.16979857501
31.1675 0.170779494879
31.165 0.17089168095
31.18 0.171764664221
31.185 0.174228933241
31.19 0.17470869867
31.18 0.178311542983
31.195 0.179191561492
31.19 0.179557393846
31.1866 0.180665845102
31.19 0.181413893886
31.20 0.182251276022
31.19 0.182544772913
31.20 0.184240595682
31.185 0.185286674127
31.17 0.187858171499
31.155 0.188668829176
31.145 0.189306863842
31.145 0.189541151418
31.15 0.190509795034
31.145 0.191434244137
31.145 0.19227063473
31.145 0.192730380422
31.146 0.193488344642
31.17 0.194976320996
31.17 0.196913985958
31.1599 0.202189139293
31.14 0.204637260318
31.12 0.205735087893
31.125 0.206180621462
31.15 0.207758308899
31.1564 0.208252192019
31.145 0.211161522444
31.1401 0.214396834615
31.18 0.216553441837
31.175 0.216883106459
31.175 0.217251252414
31.135 0.22136663031
31.135 0.222220538172
31.145 0.223329319943
31.135 0.224594198998
31.141 0.22522567059
31.1565 0.225646273921
31.125 0.231536514772
31.14 0.232600677083
31.1699 0.233655490554
31.1799 0.234715545042
31.19 0.236263722254
31.18 0.237834704969
31.195 0.238987539603
31.22 0.240124934487
31.20 0.242012172377
31.21 0.243131719478
31.20 0.244801903764
31.20 0.245232894693
31.195 0.245997469203
31.20 0.246486064091
31.225 0.250873408218
31.2236 0.251455963662
31.225 0.251807158944
31.225 0.252551572069
31.23 0.253319593373
31.24 0.254586313866
31.21 0.257226983205
31.215 0.257835649296
31.22 0.258954440935
31.22 0.260801781001
31.215 0.261556912239
31.185 0.264967302671
31.17 0.266070229613
31.195 0.26833156272
31.20 0.269947542625
31.21 0.27064771402
31.2025 0.271011657719
31.19 0.272373802475
31.199 0.273362654693
31.20 0.277383694302
31.19 0.278305546506
31.20 0.281207983342
31.20 0.282865796941
31.20 0.286292429801
31.205 0.286573414357
31.205 0.287741547091
31.195 0.289908069748
31.185 0.290744271475
31.185 0.291598368203
31.195 0.293612240369
31.195 0.293765363023
31.1929 0.294842132102
31.1999 0.295950347276
