0.5388 0.274551343644
0.5388 0.275063957522
0.5376 0.275129524414
0.5383 0.276140446666
0.5389 0.276161904921
0.5391 0.276650676293
0.5392 0.277349857779
0.5428 0.278418836533
0.544 0.278483568937
0.5435 0.278722470847
0.543 0.280398837439
0.5439 0.280425064196
0.5435 0.280663489255
0.542 0.281260744029
0.5418 0.282459068378
0.5376 0.282819805493
0.5388 0.284226513343
0.5384 0.28489648776
0.5381 0.285624876317
0.5381 0.285632267494
0.5395 0.285665885427
0.5393 0.285684005732
0.539022 0.285710470913
0.5384 0.286437667345
0.5457 0.288216318288
0.5499 0.289551498621
0.54718 0.289952529571
0.5402 0.291966267623
0.5402 0.291973420374
0.5402 0.292068790398
0.5402 0.292078446613
0.5446 0.292119098086
0.5402 0.292132688314
0.5402 0.292229369676
0.5377 0.296122254833
0.54 0.297380900722
0.5403 0.298143980125
0.5403 0.298275829183
0.5402 0.298351171502
0.5447 0.298767342443
0.5474 0.299244192562
0.546 0.299413951204
0.5499 0.301203927338
0.5479 0.301358903626
0.5488 0.301430431144
0.5495 0.302496429585
0.5483 0.303712397388
0.5491 0.303744584771
0.5492 0.304005302573
0.5494 0.304507544961
0.5494 0.304832041467
0.55 0.305855123397
0.5583 0.307893538442
0.5576 0.308238897141
0.557587 0.310510968745
0.5567 0.310736757276
0.55655 0.31077323631
0.556 0.311230654787
0.556 0.313855595479
0.5559 0.315113645305
0.5559 0.315886500135
0.5559 0.318548754348
0.556 0.321756525098
0.5689 0.323829392564
0.5645 0.324149239782
0.565 0.324516056736
0.5662 0.326865854909
0.5662 0.326878133799
0.5675 0.327799289016
0.5698 0.329155569967
0.5672 0.332883941834
0.5671 0.33685073876
0.5664 0.337917929326
0.5699 0.339348956533
0.5699 0.34069379308
0.5699 0.343324813611
0.5715 0.344229994349
0.5763 0.353042661396
0.5764 0.354839671069
0.5797 0.356456312184
0.586 0.361226601561
0.5848 0.364864252692
0.5845 0.370595633483
0.5885 0.37350918771
0.5861 0.381820566069
0.5928 0.394431463525
0.5982 0.408510463284
0.5989 0.420708050899
0.5994 0.42331177176
0.5993 0.432945813137
0.5947 0.440947000494
0.594 0.443424236861
0.593 0.445481129849
0.593 0.447416783694
0.5935 0.451351989299
0.5931 0.451706646575
0.5926 0.452107796738
0.592 0.454104487398
0.5913 0.45471390185
0.5919 0.454725823103
0.586 0.459366170822
0.5784 0.469139214008
0.5813 0.470534596668
0.5829 0.471057701249
0.5832 0.471442638507
0.5842 0.473219501262
0.5841 0.473356595672
0.5841 0.477088543914
0.583 0.481535767335
0.5828 0.484859293451
0.5815 0.485845777135
0.5771 0.488048347834
0.5772 0.490230413977
0.5772 0.490510563422
0.5772 0.49060188022
0.5732 0.494492619552
0.5734 0.494565339195
0.5769 0.495524046359
0.5783 0.500868701704
0.5778 0.501326835456
0.5784 0.50425350306
0.58 0.508343684955
0.5814 0.511004031768
0.5807 0.511657316431
0.5803 0.515198524626
0.5925 0.53296905958
0.5967 0.548644911175
0.5966 0.549346715337
0.5996 0.554464866875
0.5971 0.558778572263
0.5992 0.560435268788
0.5992 0.56402249302
0.6052 0.57391355661
0.60 0.576772511498
0.593 0.587429515592
0.5952 0.594205317356
0.5933 0.606012841574
0.594 0.610878620186
0.5964 0.627569685684
0.60 0.645451088291
0.60 0.653545738271
0.6075 0.658660790284
0.6075 0.659077080437
0.6075 0.659084829252
0.6075 0.659084829252
0.6075 0.659320273998
0.6075 0.659333387376
0.6075 0.659333387376
0.6075 0.659375111762
0.6075 0.659494324291
0.6075 0.659494324291
0.576 0.448341992137
0.576 0.448341992137
0.576 0.448341992137
0.576 0.448341992137
0.576 0.448341992137
0.576 0.448341992137
0.576 0.448341992137
0.576 0.448341992137
0.576 0.448341992137
0.576 0.448341992137
0.576 0.448341992137
0.576 0.448341992137
0.576 0.448341992137
0.576 0.448341992137
0.576 0.448341992137
0.576 0.448341992137
0.576 0.448341992137
0.576 0.448341992137
0.576 0.448341992137
0.576 0.448341992137
0.576 0.448341992137
0.576 0.448341992137
0.576 0.448341992137
0.576 0.448341992137
0.576 0.448341992137
0.576 0.448341992137
0.576 0.448341992137
0.576 0.448341992137
0.576 0.448341992137
0.576 0.448341992137
0.576 0.448341992137
0.576 0.448341992137
0.576 0.448341992137
0.5702 0.00758191688979
0.5703 0.00869464664214
0.58 0.0102513238551
0.5716 0.0105338575506
0.5718 0.0113224484346
0.5741 0.012429336773
0.576 0.0139017307275
0.575 0.0171744723057
0.57903 0.0187766887051
0.5793 0.0188780193553
0.5752 0.0190114181761
0.5786 0.019135399207
0.575 0.0214071131732
0.5731 0.0225371287424
0.5716 0.0239525391077
0.575 0.0242149258856
0.5722 0.0243186407864
0.5735 0.0245034202075
0.5735 0.0248223137245
0.5722 0.0254660613849
0.5722 0.0267799026749
0.5722 0.0282359645128
0.57 0.0294543165665
0.5691 0.0357260877547
0.5694 0.0362328602185
0.5671 0.0364361175817
0.5693 0.0377022738598
0.5646 0.0379796814164
0.5646 0.0384317353291
0.5651 0.0386847043172
0.5688 0.0392820783036
0.5674 0.0398305751528
0.5691 0.0398802867777
0.5692 0.0401783181019
0.5685 0.0406248882383
0.5667 0.0407790300392
0.5669 0.0414971663182
0.5684 0.0415556996703
0.5695 0.0436819743502
0.5671 0.0469939368507
0.5705 0.0489330478591
0.5709 0.048988839323
0.5728 0.0496087444775
0.5728 0.0496087444775
0.5775 0.0497936431111
0.5759 0.0502739503933
0.5762 0.0504646904408
0.5703 0.0521536935618
0.578 0.052216518565
0.5731 0.0522431029591
0.5731 0.0524687722778
0.5733 0.0525552013619
0.5733 0.0525565126997
0.5791 0.0526963489971
0.5787 0.0527087471002
0.5768 0.0529444302714
0.5783 0.0529950955965
0.5747 0.0537642548382
0.5745 0.0538664199762
0.5733 0.0544598599491
0.5732 0.0545775227159
0.574842 0.0546749193527
0.5732 0.0546868406057
0.5732 0.0546874366683
0.568 0.0577900619667
0.5733 0.0579331170023
0.5724 0.0579985646811
0.5722 0.0580946499801
0.5747 0.0582236379372
0.5748 0.0585701887611
0.5725 0.0586101249586
0.5725 0.0586127476342
0.5725 0.0586163240101
0.5742 0.0587394705533
0.5742 0.0587418548039
0.5742 0.0587418548039
0.5742 0.0587418548039
0.5746 0.0597544460313
0.5737 0.059897501067
0.5731 0.0599399407275
0.5746 0.0635166742565
0.5745 0.0636358867862
0.5744 0.0638743118457
0.5744 0.0641222739075
0.5744 0.0644322264847
0.5741 0.064754100315
0.5739 0.0687905173585
0.5726 0.0702855616937
0.5686 0.0709461183208
0.5686 0.0709461183208
0.5691 0.0713384467561
0.5691 0.0713471492708
0.5695 0.0714189152137
0.5698 0.0720149778622
0.5698 0.0721461116449
0.5696 0.0721761532024
0.57 0.07238715938
0.57 0.0723921663062
0.57 0.0723921663062
0.5725 0.0728094101602
0.5749 0.07306905505
0.5749 0.0730720353632
0.5702 0.0738588380593
0.575 0.0744786240013
0.575 0.0745621919846
0.575 0.0745645762352
0.575 0.0745731595374
0.575 0.0745731595374
0.575 0.0745743516627
0.575 0.0745743516627
0.5713 0.0747174066983
0.5715 0.0753134693469
0.573 0.0753269403627
0.5729 0.0754461528925
0.5722 0.0756726566989
0.5722 0.0781821996619
0.5722 0.0781821996619
0.5719 0.0796058356918
0.5719 0.0796063125419
0.5726 0.0798208950954
0.5737 0.080503625253
0.575 0.080707955529
0.58 0.0808867743235
0.5775 0.0809618782172
0.5787 0.0810930119999
0.5777 0.0811563138532
0.579916 0.0829505816379
0.5789 0.0856401355208
0.5761 0.0862747038165
0.574869 0.0865834642684
0.5747 0.0865953855214
0.5702 0.0888961873449
0.5748 0.0890518789087
0.57 0.0894822361409
0.5699 0.0909057529583
0.5671 0.090924826963
0.567 0.0909963544808
0.5669 0.0911959162556
0.567 0.0912793650264
0.5671 0.0938086972693
0.5775 0.0938965569037
0.5773 0.09397178001
0.576 0.0940552287808
0.576 0.0940552287808
0.5686 0.0943490876665
0.5766 0.0944104821193
0.5703 0.0946477150534
0.5749 0.0949893781636
0.5749 0.0949893781636
0.575 0.0958792996979
0.5675 0.096922886183
0.5676 0.0970600998047
0.5686 0.0970606958674
0.5693 0.097215672156
0.5642 0.0997578793522
0.565 0.100688333147
0.5697 0.100688690784
0.57 0.10316115865
0.5661 0.105545409245
0.5705 0.105563291124
0.5691 0.109270443161
0.5719 0.10935997177
0.5703 0.10950839137
0.5715 0.10972893455
0.5719 0.110819967622
0.572463 0.111907185893
0.57185 0.111990634664
0.5725 0.112029974798
0.5654 0.114145401138
0.5743 0.114293701525
0.5741 0.114325412058
0.5741 0.114325412058
0.5741 0.114326127333
0.5741 0.114326127333
0.5741 0.114326127333
0.5741 0.114343770788
0.57 0.116060908066
0.5723 0.116132435584
0.5702 0.116196691137
0.567 0.116399352438
0.567 0.11639947165
0.566 0.117748361424
0.566 0.118451715349
0.567 0.11949840136
0.57 0.120322517578
0.5718 0.120383077543
0.5727 0.120678724617
0.5728 0.121005724586
0.5727 0.121278244429
0.57 0.121330936367
0.57 0.121343930532
0.57 0.121343930532
0.5728 0.121398529871
0.572 0.12173685503
0.572 0.121740550619
0.5707 0.122017123688
0.571 0.122254833472
0.5707 0.122382986941
0.5702 0.122563474711
0.5702 0.122563474711
0.5705 0.123258841397
0.5689 0.125338503978
0.5689 0.125338503978
0.5662 0.125398348668
0.568 0.125491930504
0.569 0.12636778496
0.5699 0.126379706213
0.5725 0.127274634673
0.5728 0.127305033868
0.569 0.128473316659
0.5687 0.129134707774
0.5687 0.129135184624
0.5687 0.129137568875
0.567 0.130387989099
0.5663 0.131615878155
0.5667 0.132106556928
0.568 0.13271692508
0.5672 0.134469349266
0.5656 0.136676569254
0.5654 0.136784098956
0.5651 0.140746127381
0.56 0.144980794861
0.561 0.146364375481
0.5655 0.150827811806
0.5558 0.151444021372
0.5555 0.152013976477
0.5598 0.152815561527
0.56 0.153246872459
0.56 0.153254621274
0.5599 0.15386141305
0.5655 0.154196638684
0.5649 0.154246111883
0.5644 0.154710802324
0.5634 0.154737744356
0.5634 0.154777084491
0.5634 0.154778991891
0.5634 0.15479401267
0.5644 0.155267286413
0.5644 0.15528552593
0.5639 0.155419878451
0.5639 0.155442528832
0.5638 0.155546959008
0.5638 0.155550535383
0.5638 0.155551012234
0.5624 0.155964441287
0.563 0.156182838641
0.5623 0.156317191162
0.5622 0.156945202769
0.5626 0.157428013514
0.5626 0.15743063619
0.5626 0.15743063619
0.5622 0.157591573105
0.5622 0.157737608454
0.5609 0.158963590109
0.5577 0.160380907875
0.5561 0.160443017603
0.5525 0.162979502598
0.559 0.164600196939
0.55 0.169051592799
0.5531 0.169883219406
0.5561 0.170228935742
0.5555 0.171868704088
0.5558 0.174468014086
0.555 0.177299430879
0.5581 0.177430564662
0.5561 0.186085155894
0.5546 0.187231742005
0.5452 0.192319851986
0.5188 0.277630722499
0.51 0.292480312051
0.5175 0.311357854556
0.5191 0.318004310725
0.5249 0.321191338494
0.5249 0.327720131897
0.5247 0.329386961487
0.53 0.334566745903
0.5341 0.338307277448
0.5341 0.343133954351
0.541 0.353539658432
0.5433 0.357219749225
0.5481 0.361942353589
0.546 0.368957534113
0.546 0.369431523131
0.6389 0.330864958431
0.64 0.333902255263
0.6434 0.333919183442
0.640846 0.333943741223
0.640846 0.333944337286
0.643 0.334146998586
0.6484 0.334839265746
0.6481 0.335401948886
0.6479 0.335668984953
0.6482 0.337562437562
0.6483 0.337636349331
0.643966 0.339590838756
0.6392 0.345486732838
0.6391 0.345909460468
0.639 0.346604946366
0.6359 0.350568643767
0.6348 0.354779468741
0.635 0.354858745074
0.6344 0.354969612726
0.6345 0.35506498275
0.6344 0.355218886126
0.6344 0.356544291031
0.6374 0.356740872493
0.6359 0.35716205036
0.6369 0.357562962098
0.636 0.358630152664
0.6393 0.358679387438
0.6362 0.358904818332
0.6408 0.359502192318
0.6408 0.359595654942
0.64 0.360075604586
0.6459 0.36025108543
0.6441 0.360639122214
0.6422 0.360844167765
0.642 0.360885296088
0.6474 0.363293389188
0.648 0.364796659188
0.6486 0.365671202306
0.6486 0.366249383075
0.6418 0.366967876992
0.642 0.366994222961
0.6406 0.367489670234
0.6414 0.367518877304
0.6402 0.370778386292
0.6363 0.373729015614
0.6363 0.373812464385
0.6391 0.374090468005
0.637 0.374478862426
0.6365 0.374681523727
0.6364 0.374706796783
0.6374 0.375011623222
0.6377 0.375032604627
0.64 0.37626693116
0.638 0.37643990854
0.6397 0.376777279999
0.6355 0.378595271077
0.6355 0.378595271077
0.6361 0.378619113583
0.638 0.378771347984
0.64 0.380329694172
0.6409 0.383469752205
0.6439 0.383493594711
0.6439 0.383493594711
0.643 0.383601243625
0.64 0.384862750615
0.6439 0.387547059146
0.6402 0.387891344932
0.64 0.38921686905
0.6383 0.389393422806
0.6383 0.389396164694
0.64 0.389525033439
0.64 0.390717158736
0.6395 0.390960590722
0.636 0.391163252022
0.6351 0.394070845622
0.6352 0.396603396603
0.6355 0.396754796516
0.6354 0.397076670346
0.6355 0.397531346935
0.6355 0.397609431142
0.635 0.40293727752
0.638 0.403169741953
0.638 0.40377236129
0.638 0.403806932924
0.638 0.404008163674
0.638 0.404055848686
0.638 0.404329918292
0.638 0.405026477103
0.638 0.405387691068
0.6369 0.405824128139
0.6379 0.405870621026
0.6378 0.40604896297
0.6355 0.408139116254
0.6351 0.409905845944
0.6351 0.411108938794
0.635 0.411646587303
0.6351 0.413078925847
0.6359 0.413105033391
0.6357 0.413367300957
0.6359 0.413385421261
0.6371 0.413421304233
0.6371 0.413678445659
0.6371 0.413679756997
0.637 0.413980768635
0.6368 0.414076138658
0.637 0.41411202163
