1000.1948 0.275693065619
999.79 0.277452539164
999.28 0.278597352827
999.402 0.280171375292
1000.08 0.28242041914
1000.00 0.283188166063
1000.00 0.287988831838
1000.34 0.28869621726
1000.195 0.289707208191
999.62 0.29102771235
999.51 0.292185112028
999.79 0.293467601285
1000.28 0.295186234495
1000.25 0.296204674292
999.54 0.297244690114
1000.21 0.298088466844
1000.2479 0.299105108638
1000.01 0.300400954482
999.92 0.301922578027
999.70 0.30323666075
999.91 0.303740615071
1000.00 0.305257872039
999.42 0.306674697743
999.835 0.307153480033
999.7685 0.308233308761
999.41 0.309483690836
999.39 0.310340310438
999.03 0.312528992785
999.36 0.313331929179
999.26 0.314469293976
998.52 0.315961378914
998.41 0.31873980597
998.06 0.321523627033
998.72 0.32356615749
999.515 0.325163040268
998.775 0.326366931144
999.0275 0.327208653014
999.08 0.327889325261
998.14 0.32994675345
998.57 0.330837791951
998.5586 0.331838251725
999.02 0.333530171761
998.51 0.334819339311
998.10 0.339043360106
998.75 0.340192797203
999.40 0.341092825715
999.58 0.342284644291
999.785 0.343444612543
999.815 0.344981647535
1000.25 0.346443937008
1000.21 0.347250983122
1000.15 0.347973523134
999.8756 0.353350833888
999.729 0.354367218825
999.68 0.354841377681
998.9231 0.355491740749
998.6097 0.356380981247
998.2628 0.357284605762
998.625 0.358149444803
998.97 0.358853491078
999.69 0.360240521318
999.90 0.361600581525
999.30 0.363038469541
999.90 0.364057936767
1000.04 0.364323527372
1000.728 0.367524741794
1000.93 0.370079959725
1001.14 0.37149267571
1000.87 0.372311794124
1001.1999 0.372977568639
1000.635 0.374423419235
1000.945 0.375216081331
1000.10 0.376435383655
1000.0501 0.377430192566
1000.10 0.379536680528
1000.20 0.380465990789
1000.0061 0.381616712173
1000.50 0.382475643492
1000.815 0.384601395763
1001.12 0.386169253649
1000.615 0.387115002787
1000.56 0.388161440046
1000.92 0.388727810727
1000.98 0.390229913105
1001.145 0.391201347988
1001.275 0.392319962191
1001.8885 0.396153816516
1001.865 0.397394951724
1002.3279 0.398452176995
1002.2494 0.399250746813
1002.38 0.400061388931
1002.181 0.401795947303
1002.35 0.402267794442
1001.64 0.403782739693
1001.34 0.405712766586
1001.605 0.406405767991
1001.89 0.406756892128
1001.68 0.407960012432
1001.40 0.408484258491
1001.78 0.410220358008
1001.52 0.410949576314
1001.46 0.411385720267
1001.39 0.412233093
1001.30 0.412871383768
1001.30 0.413444175886
