1.87 0.23368418762
1.87 0.233822915377
1.87 0.234094930589
1.87 0.234094930589
1.87 0.234368305876
1.85 0.239242818458
1.85 0.240194871697
1.85 0.240194871697
1.86 0.241554947753
1.86 0.241700475891
1.86 0.241700475891
1.8586 0.243333927233
1.85 0.244285980472
1.85 0.244319982373
1.86 0.244591997585
1.86 0.245272035612
1.86 0.245272035612
1.86 0.245544050823
1.8601 0.256030237211
1.87 0.25638929729
1.87 0.256533465351
1.87 0.256710275239
1.8604 0.256985010602
1.8604 0.256985010602
1.87 0.257437915928
1.87 0.257437915928
1.8601 0.257845938745
1.87 0.258256681714
1.86 0.26287141977
1.85 0.26287141977
1.85 0.26287141977
1.85 0.262874139922
1.85 0.262874139922
1.86 0.263283522815
1.855 0.264099568448
1.855 0.264099568448
1.855 0.264099568448
1.8501 0.26464359887
1.8501 0.26464359887
1.86 0.264915614081
1.8501 0.265731659714
1.8501 0.265731659714
1.86 0.266003674926
1.86 0.266139682531
1.8501 0.267501118663
1.8501 0.267501118663
1.8513 0.268253240721
1.87 0.271735035423
1.86 0.272589163186
1.86 0.272589163186
1.86 0.272589163186
1.8511 0.274085246847
1.8511 0.274085246847
1.85 0.274500070044
1.85 0.274500070044
1.855 0.274792486396
1.86 0.275074022139
1.85 0.276152562451
1.85 0.276152562451
1.86 0.27635657386
1.86 0.27635657386
1.86 0.285129064417
1.86 0.285129064417
1.84 0.28642113667
1.84 0.28642113667
1.8401 0.290705376245
1.85 0.292340187663
1.84 0.292884218085
1.85 0.293292240902
1.84 0.294393902507
1.84 0.294400702887
1.84 0.294400702887
1.85 0.294808725704
1.85 0.294944733309
1.85 0.294944733309
1.84 0.29584102343
1.84 0.296065435979
1.8476 0.29878558809
1.8476 0.29878558809
1.85 0.298955597597
1.85 0.298955597597
1.84 0.299774363382
1.8396 0.300182386199
1.8396 0.300182386199
1.8396 0.300183746275
1.8396 0.300183746275
1.835 0.301135799514
1.835 0.301135799514
1.835 0.301135799514
1.84 0.301277247424
1.84 0.301391493812
1.84 0.301391493812
1.84 0.313362883252
1.8458 0.314722959308
1.85 0.315292831175
1.86 0.316516899625
1.86 0.316516899625
1.84 0.318693021314
1.84 0.318693021314
1.84 0.318693021314
1.84 0.31870798215
1.84 0.31870798215
1.84 0.31870798215
1.86 0.318845349832
1.86 0.318845349832
1.8401 0.319797403071
1.84 0.322177536168
1.84 0.322177536168
1.84 0.322313543773
1.84 0.322313543773
1.84 0.323292798533
1.84 0.323292798533
1.85 0.323428806139
1.85 0.323972836561
1.85 0.324108844167
1.8401 0.324935770408
1.8401 0.324935770408
1.85 0.325207785619
1.85 0.325233627064
1.85 0.325233627064
1.84 0.328729022527
1.84 0.328729022527
