13.705 0.627685488224
13.71 0.628792873834
13.71 0.630330678177
13.72 0.631116572267
13.725 0.637587167703
13.73 0.638721016882
13.74 0.639854217761
13.74 0.641103334519
13.73 0.641736411547
13.74 0.642115160842
13.74 0.642331096304
13.74 0.64303275041
13.73 0.64343823556
13.745 0.645863250175
13.76 0.651123211887
13.77 0.653910625695
13.775 0.656079017598
13.77 0.657129210262
13.78 0.659037361943
13.78 0.659769836189
13.78 0.664613888102
13.75 0.66644163773
13.75 0.669261596152
13.76 0.670181778916
13.785 0.67244474469
13.78 0.673390444507
13.7899 0.674915853371
13.785 0.676751123269
13.78 0.67803191592
13.785 0.678789025531
13.765 0.680370421504
13.775 0.680895038095
13.766 0.681732199678
13.77 0.68209308185
13.745 0.6883847986
13.719 0.690705540789
13.72 0.693448494245
13.72 0.694982499555
13.715 0.696644894017
13.725 0.69733917048
13.74 0.698780676476
13.735 0.699993579246
13.735 0.701164368507
13.71 0.702048142794
13.715 0.702736039994
13.69 0.704762259906
13.6801 0.707502736859
13.67 0.709467446154
13.6711 0.710873814339
13.67 0.713257039595
13.6899 0.713971854173
13.685 0.714461657102
13.70 0.715880667119
13.7193 0.716956117516
13.705 0.71818656326
13.705 0.719120023189
13.7167 0.719758273645
13.7162 0.72026532133
13.7199 0.721487274356
13.707 0.722217142439
13.6955 0.722713259801
13.71 0.723262991499
13.71 0.725035493079
13.72 0.726091338911
13.735 0.726737005908
13.74 0.727609616485
13.726 0.728925974824
13.73 0.729245741868
13.725 0.729597625649
13.705 0.730318482374
13.70 0.730851384227
13.71 0.731101835132
13.72 0.73187534671
13.73 0.732741189045
13.725 0.733071938275
13.715 0.733635400948
13.72 0.73585264867
13.75 0.737931510468
13.745 0.738386045927
13.75 0.739132666059
13.755 0.740407805542
13.735 0.741834569216
13.7403 0.742339127433
13.75 0.743600665601
13.7442 0.74482451166
13.74 0.745724584186
13.7208 0.746755846517
13.725 0.74799084332
13.745 0.749368271433
13.74 0.752256404988
13.7501 0.753209871427
13.7583 0.753532465055
13.80 0.764520758641
13.805 0.770871781791
13.805 0.776554564171
13.7856 0.778897659713
13.7958 0.779827968909
13.76 0.781425974305
13.76 0.783029723632
13.765 0.784521667297
13.775 0.785662349548
13.785 0.78686517775
13.785 0.787823350841
13.81 0.79028610943
13.8162 0.791601780572
13.80 0.795191295947
13.8001 0.796682033775
13.785 0.798282010001
13.80 0.799597331062
13.80 0.800018660641
13.7891 0.801886410323
13.805 0.803253997257
13.80 0.809880223372
13.805 0.811069852204
13.8165 0.813548286665
13.84 0.826807286716
13.85 0.833671620121
13.84 0.836374742081
13.87 0.840188581907
13.875 0.846744454605
13.85 0.850442923126
13.86 0.853149844118
13.85 0.856285990972
13.865 0.857668112771
13.865 0.860734295188
13.835 0.868460749691
13.84 0.871194821449
13.84 0.873733534759
13.84 0.875903806729
13.82 0.877412398715
13.81 0.879057366897
13.84 0.88324488632
13.84 0.88578108423
13.865 0.892547472609
13.8357 0.896933047404
13.825 0.899882665644
13.84 0.903517134078
13.835 0.906768963423
13.825 0.91280880301
13.815 0.922053081277
13.81 0.928954549255
13.81 1.01058055235
13.81 1.01075338889
13.81 1.01078855264
13.81 1.01105272155
13.81 1.01108457897
13.81 1.01111647528
13.81 1.01113760983
13.81 1.01114666009
13.81 1.01116116902
13.81 1.01121593733
13.89 0.921911025981
13.89 0.921911025981
13.89 0.921911025981
13.89 0.921911025981
13.89 0.921911025981
13.89 0.921911025981
13.89 0.921911025981
13.89 0.921911025981
13.89 0.921911025981
13.89 0.921911025981
13.89 0.921911025981
13.89 0.921911025981
13.89 0.921911025981
13.89 0.921911025981
13.89 0.921911025981
13.89 0.921911025981
13.89 0.921911025981
13.89 0.921911025981
13.89 0.921911025981
13.89 0.921911025981
13.89 0.921911025981
13.89 0.921911025981
13.89 0.921911025981
13.89 0.921911025981
13.89 0.921911025981
13.89 0.921911025981
13.89 0.921911025981
13.89 0.921911025981
13.89 0.921911025981
13.89 0.921911025981
13.89 0.921911025981
13.89 0.921911025981
13.89 0.921911025981
14.1574 0.0273174955075
14.105 0.03447218911
14.17 0.0409783761653
14.115 0.0470974508672
14.15 0.0536947628429
14.15 0.061451868927
14.06 0.0749616829305
14.035 0.081595481179
14.05 0.0874123836744
14.0499 0.0945356347709
14.015 0.103343711478
14.01 0.114244082741
14.10 0.122116482335
14.08 0.128514066327
14.115 0.133999584259
14.1185 0.137072405258
14.13 0.143527493379
14.085 0.150546303492
14.0999 0.154335909899
14.054 0.159457317129
14.0685 0.165507373909
14.055 0.169080733671
14.01 0.178599631434
14.02 0.181112529474
13.99 0.188212934511
13.985 0.191870456461
14.04 0.19701555254
14.05 0.199994383137
14.0776 0.204113182856
14.05 0.206697043715
14.05 0.210345645069
14.0592 0.212084655518
14.08 0.215668971534
14.057 0.217530899491
14.055 0.219068509344
14.07 0.223432340188
14.07 0.22833641163
14.0701 0.230050968237
14.055 0.234664549823
14.09 0.239996433836
14.07 0.241962647185
14.07 0.244313898329
14.05 0.247793125063
14.065 0.250582911645
14.0549 0.251797720414
14.055 0.253141436975
14.07 0.255742399964
14.1003 0.262404308461
14.0899 0.265797830055
14.13 0.274526295634
14.13 0.277773133075
14.1311 0.28913448389
14.14 0.299125447119
14.14 0.302431863247
14.13 0.311951435241
14.10 0.316024841058
14.095 0.320965696991
14.14 0.323833811069
14.13 0.327135274192
14.135 0.329513702035
14.13 0.331719111816
14.135 0.335004121108
14.12 0.338550433831
14.133 0.340647564698
14.125 0.343240294288
14.125 0.344668017445
14.11 0.345625516305
14.13 0.347564163976
14.115 0.349416224821
14.125 0.350405049493
14.15 0.356004888486
14.155 0.358992976794
14.13 0.361709142532
14.135 0.370353121773
14.12 0.381228468691
14.1299 0.382178849227
14.1585 0.385392156639
14.15 0.388769574483
14.135 0.389657549749
14.1459 0.390075650799
14.14 0.391143723552
14.16 0.392993035608
14.182 0.401113707823
14.1641 0.403001412151
14.17 0.40519405044
14.19 0.406907141891
14.19 0.408163376972
14.17 0.410346407469
14.175 0.411940419343
14.1704 0.413603643628
14.17 0.413962866154
14.19 0.415716463332
14.19 0.417163181653
14.1862 0.419945331272
14.1711 0.421926896342
14.20 0.424782212996
14.211 0.431243589619
14.2085 0.434976949596
14.205 0.437336641595
14.19 0.438034937512
14.19 0.439831076077
14.20 0.441541392808
14.22 0.443240325407
14.20 0.444705961095
14.21 0.447321303357
14.225 0.449181584634
14.2407 0.45764655553
14.3199 0.477181790949
14.28 0.481570334954
14.32 0.486712124707
14.30 0.490005899003
14.3066 0.494256212676
14.30 0.499789458387
14.30 0.503464938222
14.2899 0.506276922565
14.2748 0.508371797351
14.2911 0.509728583621
14.30 0.512010816844
14.2938 0.51300998837
14.30 0.516525156805
14.295 0.518038170191
14.295 0.520249466528
14.3099 0.522506377189
14.32 0.526628573995
14.325 0.529387255187
14.3014 0.533936162455
14.295 0.535879659403
14.29 0.536777359155
14.281 0.53887043167
14.285 0.539551236478
14.2824 0.544863645586
14.285 0.545706006527
14.285 0.547112361746
14.27 0.548822030178
14.28 0.550509461951
14.30 0.551812763547
14.305 0.55389215695
14.315 0.557972888547
14.335 0.562287954333
14.3298 0.563850692259
14.325 0.565199296995
14.335 0.565980315876
14.345 0.569872898111
14.36 0.576353619978
14.365 0.581949154265
14.35 0.584617929339
14.36 0.586870055552
14.35 0.588224443116
14.35 0.591286191167
14.3501 0.593582440617
14.3741 0.595902417813
14.37 0.597560261216
14.3739 0.599491492345
14.36 0.604353981884
14.37 0.605999676162
14.36 0.607575704219
14.345 0.60948305201
14.3045 0.614831649173
14.315 0.616972864378
14.34 0.618023718308
14.345 0.620376914349
14.35 0.622490693537
14.36 0.623864530073
14.3299 0.62604036445
14.33 0.627069526291
14.34 0.629444647809
14.33 0.630302075221
14.34 0.631560916465
14.34 0.632317922348
14.349 0.634000984585
14.355 0.635080208082
14.335 0.636806239583
14.35 0.638722507969
14.3463 0.639795352204
14.33 0.641131237311
14.35 0.642988043705
14.361 0.644604733081
14.3639 0.646915258077
14.3685 0.647711900966
14.35 0.649130612766
14.37 0.650700754267
14.37 0.651844353865
14.37 0.653458501908
14.38 0.654013679318
14.375 0.655750187333
14.385 0.658668401965
14.37 0.66193352144
14.3761 0.662363719751
14.37 0.664123008996
14.35 0.666024262775
14.35 0.668379364816
14.33 0.669163326976
14.315 0.674435904588
14.315 0.675380281874
14.33 0.676829684153
14.31 0.679149194574
14.31 0.680893378449
14.29 0.68692797978
14.265 0.68871403081
14.28 0.6919164079
14.285 0.69301989075
14.285 0.69368006668
14.30 0.694567238055
14.315 0.69652568478
14.30 0.698276001565
14.295 0.700778786139
14.3139 0.703996735373
14.33 0.705598021163
14.335 0.707057342418
14.33 0.708619030099
14.33 0.709565054065
14.335 0.710138617237
14.345 0.711291059634
14.345 0.714683945895
14.3479 0.716063980171
14.35 0.716767099433
14.33 0.718182349316
14.315 0.720260925862
14.32 0.722143612356
14.31 0.723114777361
14.29 0.724857936924
14.2904 0.725391370382
14.31 0.72658437037
14.315 0.727761318472
14.32 0.728705514235
14.3101 0.729184659127
14.3069 0.729659875327
14.30 0.730021716982
14.31 0.730356356007
14.305 0.730768946515
14.295 0.732050348567
14.292 0.732370984332
14.2951 0.732963503769
14.305 0.73455523363
14.30 0.736719255997
14.295 0.73726958413
14.30 0.740011954117
14.28 0.742790771478
14.295 0.744361535347
14.299 0.745048343404
14.29 0.745292687331
14.32 0.747859433094
14.3106 0.74888971001
14.32 0.749397418961
14.325 0.750428318244
14.34 0.752837618089
14.345 0.753830228828
14.33 0.757942701148
14.345 0.759197691495
14.355 0.76036430571
14.34 0.761016261208
14.34 0.763657561366
14.33 0.764744603351
14.315 0.767586863261
14.315 0.767696503604
14.32 0.768884900668
14.325 0.769449569177
14.34 0.771501254277
14.33 0.772855188032
14.33 0.774422010242
14.325 0.774734581166
14.32 0.775680851485
14.30 0.776227354653
14.30 0.78115425919
14.28 0.782880887126
14.295 0.786677845245
14.30 0.789867826856
14.315 0.794444520223
14.33 0.796531161611
14.335 0.798571721899
14.3338 0.800311899286
14.331 0.801010428591
14.325 0.803083339004
14.3144 0.80525204209
14.33 0.805798078483
14.3499 0.807085743104
14.31 0.810688017006
14.32 0.81118745366
14.31 0.811823875912
14.3139 0.81301377703
14.32 0.813236830815
14.315 0.813380662452
14.3188 0.81485607449
14.095 0.373007024865
14.11 0.376733396179
14.10 0.380332454516
14.105 0.383218098602
14.1265 0.386591393264
14.145 0.389467222102
14.1396 0.393039051878
14.11 0.396310200535
14.125 0.398488667006
14.1259 0.400140740546
14.13 0.401119698106
14.15 0.403679558933
14.205 0.408499844201
14.21 0.413709381209
14.2155 0.416874662625
14.22 0.419619638774
14.225 0.423149277245
14.22 0.426515116468
14.21 0.428734296121
14.22 0.430063011041
14.2193 0.431220587967
14.2265 0.432755773181
14.21 0.434796527959
14.2206 0.436507998662
14.229 0.437907831992
14.211 0.439464229553
14.195 0.440705722313
14.185 0.442565121903
14.19 0.443781188373
14.181 0.445472808158
14.1407 0.447935566746
14.1455 0.450446299467
14.135 0.453101343566
14.115 0.45753548893
14.151 0.459767867953
14.14 0.462624260783
14.14 0.463875309472
14.13 0.4670220625
14.15 0.468416450117
14.14 0.469777385502
14.155 0.470740018891
14.175 0.47242336638
14.18 0.474028710522
14.155 0.475450832375
14.13 0.478017318818
14.125 0.481497906979
14.1199 0.483213656457
14.09 0.489471207844
14.099 0.490988487038
14.1099 0.49225530236
14.081 0.495104343479
14.075 0.498641191036
14.03 0.509590405153
13.985 0.52312160006
14.00 0.52807785958
14.02 0.53033958062
14.0299 0.533290599186
14.03 0.537669224215
14.0104 0.543186405075
13.99 0.545368735408
14.03 0.548328337454
14.05 0.551112833916
14.0601 0.553797181133
14.085 0.55803802964
14.09 0.561315946539
14.12 0.567702159365
14.1293 0.571489120711
14.13 0.574169241019
14.13 0.576013172193
14.08 0.581310916776
14.079 0.58252664613
14.0736 0.583571678333
14.06 0.58472115152
14.03 0.588859789192
14.0485 0.5903553374
14.05 0.591210884745
14.05 0.592542400316
14.075 0.59556357781
14.0699 0.597341421374
14.075 0.598668865628
14.08 0.59891438946
14.0701 0.599728575323
14.07 0.600512654176
14.0686 0.601596039753
14.06 0.603922798158
14.06 0.605113580964
14.07 0.605953789552
14.07 0.606921803823
14.06 0.608142939992
14.045 0.610874353724
14.0561 0.612163600195
14.065 0.613622065695
14.07 0.616306374014
14.085 0.618048366639
14.0901 0.62003574047
14.08 0.622124586074
14.0714 0.623869988752
14.055 0.62449309494
14.07 0.625067293446
14.065 0.626141084197
14.04 0.627355802204
14.04 0.627810609949
14.04 0.629022514338
14.02 0.631177071539
14.005 0.635949771654
14.035 0.638145405084
