972.5702 0.34671684325
972.77 0.348080243118
971.84 0.350465306026
972.64 0.352252033866
972.60 0.354193666635
972.79 0.35641022609
972.29 0.358521544792
971.93 0.35937470438
972.00 0.361377826128
971.89 0.363379174156
971.50 0.364023034718
971.96 0.366048032353
972.33 0.367170797465
972.08 0.368997138398
971.73 0.369720225144
971.825 0.371391661148
971.70 0.372214076246
972.06 0.372691207076
971.6975 0.376067188535
972.56 0.379893695015
972.55 0.380577759909
973.375 0.38577653486
973.50 0.388538217766
974.30 0.392831803992
973.6952 0.395100983824
973.1802 0.397249550657
973.53 0.397519156182
973.09 0.398773767855
972.91 0.399413489736
973.095 0.400021284647
972.35 0.401299545928
972.335 0.403957761801
972.475 0.405091760477
972.50 0.405789423896
973.29 0.407235597389
972.79 0.40835599754
973.46 0.409493543657
973.03 0.40959878441
972.53 0.412267642607
972.955 0.412800350014
973.00 0.414113494466
973.51 0.416377353136
972.92 0.416917746665
972.00 0.418732262794
971.912 0.419727911267
971.94 0.419895823479
972.138 0.425341736827
972.14 0.425457619904
972.52 0.427717339892
972.77 0.430042687541
972.29 0.432265750639
972.47 0.432761801154
972.99 0.435453126478
972.53 0.436549877022
972.77 0.437243993
972.38 0.438437706934
972.3169 0.439435129127
971.69 0.440835185886
971.75 0.441639863778
971.71 0.442063191751
973.67 0.444804181251
972.81 0.447938936714
972.72 0.44840601646
973.18 0.450744962634
973.1336 0.453229945133
972.96 0.453898046542
972.96 0.454021024501
973.60 0.454188936714
973.2845 0.455410438937
973.65 0.455776416611
973.19 0.45615540157
973.22 0.457550728408
973.05 0.459276558509
973.2325 0.460654148141
973.10 0.462622977959
973.51 0.464042545644
973.80 0.465222069814
973.5913 0.46546684325
973.48 0.465862382934
973.89 0.466566549995
973.64 0.466973323243
973.33 0.468300066219
973.34 0.468580905307
973.05 0.470315012771
973.37 0.471949200643
973.69 0.47449035096
974.15 0.477667675717
974.02 0.480695416706
974.03 0.482732830385
974.10 0.484192602403
974.42 0.486944825466
974.42 0.487093817993
974.01 0.487201423706
974.42 0.487799758774
974.34 0.490376974742
974.95 0.492844811276
974.85 0.495945866049
974.59 0.497983279728
974.72 0.499641117207
974.79 0.501377589632
974.69 0.504901381137
974.49 0.50758797654
974.5656 0.508652208873
974.40 0.50985301769
974.17 0.510646462019
