17.0181 0.177161369797
17.01 0.177297036231
17.03 0.1775683691
17.03 0.177725742163
17.03 0.177725742163
17.03 0.177997075032
17.01 0.178404074334
17.03 0.178404074334
17.03 0.178404074334
17.02 0.179625072242
17.01 0.180629003856
17.01 0.180900336724
17.01 0.181293769383
17.03 0.181429435818
17.03 0.181565102252
17.03 0.182107767989
17.02 0.182379100857
17.045 0.183099489623
17.07 0.183777821794
17.06 0.18432320086
17.04 0.184564687113
17.04 0.184659653616
17.04 0.184688143568
17.05 0.18533255913
17.04 0.189349642248
17.04 0.189485308682
17.04 0.189620975116
17.05 0.189892307985
17.02 0.193514601778
17.00 0.193944664375
17.00 0.194141380704
16.98 0.195072052443
16.935 0.196252350421
16.88 0.202589329564
16.88 0.202860662432
16.87 0.204034177088
16.865 0.208193709961
16.865 0.20921799154
16.865 0.210634349113
16.86 0.211448347718
16.85 0.213483344232
16.845 0.213827936975
16.85 0.214119619808
16.85 0.214420799292
16.85 0.214721978776
16.84 0.214994668309
16.84 0.2173539076
16.82 0.218872014999
16.82 0.22069672854
16.82 0.221239394277
16.835 0.223084457782
16.835 0.223898456387
16.81 0.224407205516
16.83 0.224678538384
16.835 0.225149300911
16.84 0.225420633779
16.84 0.225896822963
16.82 0.226453055344
16.825 0.226602288421
16.825 0.226880404612
16.82 0.229287127155
16.83 0.230672281448
16.84 0.230943614317
16.84 0.231350613619
16.85 0.231757612922
16.87 0.232708634626
16.875 0.2337939661
16.88 0.269745571169
16.93 0.275245488413
16.955 0.275382511511
16.95 0.276603509419
16.925 0.277180091765
16.92 0.277587091067
16.9358 0.27894375541
16.92 0.279215088278
16.90 0.279779460645
16.91 0.283578120803
16.91 0.284035316686
16.89 0.285391981028
16.87 0.285527647463
16.91 0.287163784659
16.91 0.287570783962
16.9106 0.288216556189
16.9106 0.288216556189
16.90 0.288759221926
16.90 0.289052261424
16.8353 0.294891344753
16.84 0.298916567856
16.84 0.299187900725
16.81 0.299820106308
16.8399 0.300315288793
16.82 0.300616468277
16.82 0.300616468277
16.82 0.300833534572
16.82 0.302686738063
16.81 0.303017764163
16.81 0.3035604299
16.8107 0.304398848463
16.805 0.308703544421
16.84 0.312229515047
16.82 0.312365181481
16.84 0.313529199487
16.83 0.314343198092
16.8541 0.314777330682
16.84 0.3150581602
16.85 0.317515079324
16.85 0.317745712262
16.83 0.318905660275
16.83 0.319041326709
16.8422 0.319708805566
16.85 0.321971721688
16.85 0.323343309338
16.85 0.323408429227
16.85 0.326051211366
16.858 0.327162319462
16.84 0.328845939911
16.85 0.345298208389
16.825 0.346661656053
16.845 0.349855243915
16.85 0.350784558989
16.837 0.3539496569
16.86 0.356976375047
16.86 0.356976375047
16.86 0.357080838201
16.93 0.359003231574
16.90 0.362681148606
16.89 0.363078651259
16.89 0.363613177009
16.89 0.365611543586
16.86 0.371042270948
16.88 0.373527680023
16.88 0.374797517847
16.90 0.376129762231
16.90 0.378799677657
16.91 0.381416683173
16.91 0.390937753527
16.92 0.395608748857
16.91 0.398335644185
16.90 0.405099972595
16.89 0.442613098323
16.89 0.442613098323
16.89 0.442613098323
16.89 0.442613098323
16.89 0.442613098323
16.89 0.442613098323
16.89 0.442613098323
16.89 0.442613098323
16.89 0.442613098323
16.89 0.442613098323
16.89 0.442613098323
17.04 0.543319649112
17.04 0.543319649112
17.04 0.543319649112
17.04 0.543319649112
17.04 0.543319649112
17.04 0.543319649112
17.04 0.543319649112
17.04 0.543319649112
17.04 0.543319649112
17.04 0.543319649112
17.04 0.543319649112
17.04 0.543319649112
17.04 0.543319649112
17.04 0.543319649112
17.04 0.543319649112
17.04 0.543319649112
17.04 0.543319649112
17.04 0.543319649112
17.04 0.543319649112
17.04 0.543319649112
17.04 0.543319649112
17.04 0.543319649112
17.04 0.543319649112
17.04 0.543319649112
17.04 0.543319649112
17.04 0.543319649112
17.04 0.543319649112
17.04 0.543319649112
17.04 0.543319649112
17.04 0.543319649112
17.04 0.543319649112
17.04 0.543319649112
17.04 0.543319649112
17.13 0.0043223325944
17.13 0.00433589923783
17.13 0.00434132589519
17.23 0.0049260482267
17.3022 0.00894855800147
17.19 0.0101627725878
17.18 0.0104341054562
17.18 0.0104408887779
17.18 0.0105277152958
17.18 0.0106525284153
17.085 0.0119549261839
17.17 0.0124297587037
17.19 0.0135150901775
17.20 0.013854256263
17.18 0.0141432257679
17.25 0.0169678009285
17.30 0.0171713005798
17.27 0.0174575567561
17.26 0.0177329596175
17.25 0.0188359277278
17.21 0.0191072605962
17.24 0.0195481765075
17.19 0.0199551758101
17.185 0.020497841547
17.21 0.0206335079813
17.185 0.0228041709289
17.20 0.0267697008012
17.15 0.0272038333908
17.13 0.0284261879631
17.13 0.0301898516081
17.12 0.0315465159503
17.09 0.0316821823845
17.16 0.0318178488188
17.17 0.031953515253
17.21 0.0381792479196
17.21 0.0394531557369
17.23 0.0402834343144
17.23 0.0402834343144
17.21 0.0424853005419
17.22 0.0438419648841
17.17 0.0473828588174
17.1625 0.0476569050145
17.14 0.0482131373948
17.12 0.0484600503051
17.155 0.0488670496078
17.18 0.0518354311886
17.19 0.0521067640571
17.21 0.0529709592431
17.175 0.0542367270744
17.185 0.0545080599429
17.18 0.0568265993038
17.18 0.0568265993038
17.18 0.05700974899
17.1925 0.0571454154242
17.1925 0.0571956120049
17.215 0.0587191460612
17.215 0.059043388839
17.275 0.0608070524839
17.249 0.0626304093599
17.23 0.0630631852851
17.19 0.0642841831931
17.19 0.0642841831931
17.215 0.0654576978491
17.225 0.0668781254155
17.23 0.0680923400018
17.17 0.0689063386071
17.195 0.0690420050414
17.195 0.06904471837
17.245 0.0727077120941
17.215 0.0737930435679
17.215 0.0740643764364
17.215 0.0743302826474
17.15 0.0767695651348
17.15 0.0772986642283
17.11 0.0788194849559
17.11 0.0794978171271
17.135 0.0798369832126
17.155 0.0811936475549
17.16 0.0824472054071
17.18 0.0831662375085
17.18 0.0832964772854
17.17 0.0846951982222
17.14 0.0860220159489
17.15 0.0867301947356
17.11 0.0877883929226
17.11 0.0877883929226
17.11 0.0881953922252
17.12 0.0886023915279
17.12 0.0886023915279
17.11 0.0896877230017
17.11 0.0907730544755
17.09 0.0911800537782
17.03 0.0922111186783
17.04 0.0928921641781
17.04 0.0930997338225
17.08 0.0944102715771
17.09 0.0946829611099
17.0808 0.0962431251034
17.06 0.0963787915377
17.05 0.0967790075186
17.0391 0.0981356718609
17.04 0.0985426711636
17.08 0.0999291821213
17.06 0.100477274516
17.06 0.10061294095
17.09 0.101969605292
17.08 0.10578997208
17.06 0.106251237956
17.05 0.106929570127
17.05 0.106929570127
17.05 0.107105936492
17.045 0.111212559456
17.03 0.111691461969
17.05 0.114404790653
17.05 0.116439787166
17.05 0.117796451509
17.07 0.118489706988
17.07 0.120128557513
17.09 0.126392276781
17.08 0.127089602253
17.085 0.128242766944
17.085 0.128242766944
17.085 0.13197495055
17.085 0.13197495055
17.10 0.133939400517
17.07 0.134476639597
17.095 0.136044943576
17.11 0.136180610011
17.10 0.136323059766
17.09 0.13662423925
17.09 0.136819598916
17.09 0.136819598916
17.09 0.136819598916
17.1083 0.137180471631
17.1083 0.137181828295
17.1083 0.137181828295
17.16 0.140771562145
17.19 0.142551505762
17.19 0.142551505762
17.21 0.143229837933
17.21 0.143229837933
17.2197 0.143636837236
17.2197 0.143636837236
17.2197 0.143650403879
17.2197 0.143650403879
17.20 0.145007068221
17.21 0.14527840109
17.20 0.146092399695
17.20 0.146500755662
17.2021 0.146636422096
17.21 0.14724692105
17.21 0.147348670876
17.21 0.147348670876
17.21 0.147477553988
17.26 0.149068921262
17.26 0.149070277926
17.275 0.149498983858
17.30 0.149648216936
17.38 0.157738006409
17.315 0.161554303204
17.315 0.161658766358
17.315 0.161676402994
17.32 0.161993862451
17.27 0.163695119536
17.27 0.163695119536
17.23 0.164528111442
17.18 0.165104693787
17.19 0.165240360222
17.19 0.165240360222
17.205 0.165376026656
17.2105 0.165589022957
17.2105 0.165589022957
17.2105 0.165589022957
17.235 0.167196670203
17.2382 0.167505989673
17.2382 0.167505989673
17.275 0.168467864692
17.29 0.168807030777
17.30 0.168942697212
17.30 0.169037663715
17.30 0.170308858204
17.30 0.170478441247
17.285 0.173558069304
17.26 0.173940648648
17.26 0.173940648648
17.205 0.174077671747
17.20 0.174477887728
17.20 0.174477887728
17.1969 0.174613554162
17.23 0.174769570561
17.21 0.175447902733
17.20 0.175719235601
17.19 0.175854902035
17.16 0.177694538883
17.16 0.177694538883
17.19 0.178101538186
17.19 0.178101538186
17.18 0.178374227719
17.17 0.178847703574
17.1408 0.17939308264
17.14 0.180342747679
17.10 0.180747033653
17.1498 0.182103697996
17.1498 0.182118621303
17.1498 0.182118621303
17.12 0.182482207347
17.18 0.184448013979
17.2161 0.185122276157
17.22 0.185257942591
17.23 0.185732775111
17.26 0.187975341269
17.30 0.188246674137
17.30 0.188246674137
17.285 0.188382340572
17.285 0.188382340572
17.255 0.190597773442
17.255 0.190652040016
17.29 0.191447045321
17.29 0.191447045321
17.265 0.191594921734
17.26 0.192137587471
17.26 0.192137587471
17.24 0.195754454607
17.24 0.195754454607
17.24 0.195799224531
17.22 0.196093620693
17.22 0.196093620693
17.22 0.19663628643
17.21 0.196894052655
17.21 0.196894052655
17.21 0.196894052655
17.13 0.204898372274
17.11 0.205305371577
17.05 0.206411053016
17.05 0.206629475975
17.09 0.207969860345
17.09 0.207969860345
17.09 0.207969860345
17.09 0.207969860345
17.09 0.207969860345
17.1268 0.209353657974
17.1268 0.209498821059
17.17 0.210491899357
17.17 0.210491899357
17.16 0.210684545694
17.16 0.210820212128
17.165 0.211179728179
17.165 0.211179728179
17.14 0.212035783379
17.14 0.212240639694
17.14 0.212240639694
17.13 0.215245651212
17.13 0.215309414437
17.13 0.215420660913
17.13 0.215420660913
17.13 0.215420660913
17.11 0.216937411647
17.10 0.218474512347
17.10 0.218474512347
17.10 0.218474512347
17.05 0.220689945218
17.06 0.223627123519
17.07 0.224556438593
17.09 0.226131525895
17.07 0.228844854579
17.10 0.230201518921
17.09 0.231151183961
17.16 0.232351831904
17.12 0.234658161286
17.14 0.23534056345
17.17 0.235911719138
17.19 0.236454384875
17.20 0.238663034424
17.20 0.238934367292
17.20 0.239273533378
17.1964 0.240305954942
17.20 0.244647280838
17.19 0.245564385933
17.19 0.245564385933
17.19 0.245564385933
17.20 0.245700052367
17.20 0.245835718801
17.20 0.246242718104
